345674189123817654136789115
1X9793625164612783217865421
512678597222231782592827365
273829125791426783129765789
436211289346579114789561321
999999999999999929239116582
               815637211785
961215637219653892158931657
657281393657829165372117536
  9                 1849231
538157329999999999999999999
573821653798216537291657238
573126751267538962157893621
111127156281965271896527956
119999999999999999997452175
18367                      
123141347178647821492371647
483942289473289641276482649
327489329999999999999999999
437289473782647819847327846
432764197431637821748916372
42148218749                
4721639126478291647125369X4
427819637218448214611299691
472614871216521674524531122